1 0.642068965625 0.8031212484375001 0.64758620625 0.8049219687500001 0.6548275859375 0.8031212484375001 0.65758620625 0.7947178874999999 0.65758620625 0.788115246875 0.6551724140624999 0.7779111640624999 0.6634482765625 0.7707082828125 0.669655171875 0.780912365625 0.6772413796875 0.780312125 0.6851724140625 0.7743097234375 0.693793103125 0.7629051625 0.69758620625 0.7472989203125 0.7017241375000001 0.6902761109375 0.7027586203125 0.6422569031250001 0.69758620625 0.6296518609375 0.69413793125 0.6080432171875 0.6934482765625 0.5876350546875 0.645517240625 0.30492196875 0.645517240625 0.294117646875 0.6424137937500001 0.2785114046875 0.6434482765625 0.26650660312499996 0.642068965625 0.259303721875 0.64413793125 0.255102040625 0.6437931031249999 0.2436974796875 0.6451724140625 0.2400960390625 0.6451724140625 0.23229291718749998 0.6431034484375 0.22929171718750002 0.6410344828125 0.230492196875 0.64 0.234693878125 0.6410344828125 0.2436974796875 0.640344828125 0.289915965625 0.6382758625 0.32472989218750004 0.6348275859375 0.34093637499999996 0.635517240625 0.38355342187499997 0.632068965625 0.41476590625 0.6317241375 0.47118847500000005 0.6310344828125001 0.48919567812500003 0.6289655171875 0.5012004796875 0.6286206890625 0.5624249703124999 0.6262068968750001 0.5732292921875 0.6262068968750001 0.5966386546875 0.6213793109375 0.6734693875 0.61 0.744897959375 0.6093103453125 0.7749099640625 0.6106896546875 0.780312125 0.634482759375 0.79351740625 0.642068965625 0.8031212484375001
1 0.7748275859375 0.7677070828125 0.782068965625 0.7719087640625 0.787931034375 0.7719087640625 0.794482759375 0.7683073234375 0.802068965625 0.7575030015625 0.8068965515625001 0.747899159375 0.8086206890625001 0.737695078125 0.8086206890625001 0.705882353125 0.8065517234374999 0.68367346875 0.8010344828125 0.5546218484375001 0.7982758624999999 0.537414765625 0.7982758624999999 0.48019207656249996 0.7948275859375 0.4627851140625 0.7948275859375 0.4381752703125 0.7910344828125 0.43397358906249994 0.79 0.46098439375 0.786206896875 0.48139255625 0.7865517234375 0.48799519843750006 0.7713793109375 0.5618247296875001 0.7675862062500001 0.56782713125 0.7634482765625 0.6272509000000001 0.76241379375 0.7040816328124999 0.7572413796874999 0.7460984390625 0.7568965515625 0.7599039609375 0.759655171875 0.7671068421875 0.76241379375 0.7689075625 0.7748275859375 0.7677070828125
1 0.8582758625 0.710084034375 0.86241379375 0.6860744296875 0.8627586203125001 0.64885954375 0.8589655171875 0.60564225625 0.8568965515625001 0.55642256875 0.856206896875 0.5486194484375 0.8534482765625 0.542617046875 0.8506896546875 0.5582232890625 0.8486206890625001 0.6242497 0.8451724140625 0.6692677078125 0.8451724140625 0.6956782718750001 0.8475862062499999 0.7070828328125 0.85241379375 0.713085234375 0.8582758625 0.710084034375
1 0.70586206875 0.6536614640625 0.7082758625000001 0.6650660265624999 0.710344828125 0.6926770703125 0.7134482765625 0.7040816328124999 0.7165517234375 0.705882353125 0.7234482765625 0.7010804328125 0.7262068968750001 0.6812725093750001 0.7217241375000001 0.6236494593749999 0.71758620625 0.46098439375 0.7165517234375 0.3523409359375 0.7127586203125 0.35114045625 0.7124137937499999 0.3571428578125 0.71 0.453181271875 0.7096551718749999 0.5906362546875 0.705517240625 0.6386554624999999 0.70586206875 0.6536614640625
1 0.7965517234374999 0.43517407031250005 0.79586206875 0.2743097234375 0.794482759375 0.2575030015625 0.7920689656250001 0.259303721875 0.7906896546875 0.2641056421875 0.7893103453125 0.29051620625 0.7886206890625 0.45798319374999996 0.79 0.468187275 0.794482759375 0.4699879953125 0.7965517234374999 0.43517407031250005
1 0.7710344828125 0.564225690625 0.7727586203125 0.5606242499999999 0.7717241375 0.5438175265625 0.7789655171875001 0.51020408125 0.7782758624999999 0.5018007203125 0.7765517234375 0.5 0.77586206875 0.48079231718750004 0.774482759375 0.47839135625000007 0.776206896875 0.46698679531250004 0.7768965515625 0.435774309375 0.7768965515625 0.2743097234375 0.7751724140625 0.250900359375 0.7713793109375 0.3145258109375 0.7706896546875 0.43907562968749997 0.7682758625 0.5444177671875 0.7682758625 0.560024009375 0.7710344828125 0.564225690625
1 0.6710344828125 0.5132052828125 0.673793103125 0.531812725 0.675517240625 0.486194478125 0.6717241375 0.43937575000000006 0.67 0.17346938750000002 0.6693103453125 0.1584633859375 0.666206896875 0.1500600234375 0.664482759375 0.17346938750000002 0.66413793125 0.465186075 0.6655172406250001 0.4765906359375 0.6720689656250001 0.4831932765625 0.6710344828125 0.5132052828125
1 0.6813793109375 0.6716686671875001 0.6827586203125 0.669867946875 0.68241379375 0.6542617046875 0.6851724140625 0.6266506609375 0.6831034484375 0.595438175 0.6813793109375 0.589435775 0.677931034375 0.5966386546875 0.67758620625 0.6398559421875001 0.6789655171875 0.6416566625 0.677931034375 0.6506602640625 0.6813793109375 0.6716686671875001
1 0.686206896875 0.6386554624999999 0.68586206875 0.5992394953125 0.6886206890625 0.5912364953125 0.6931034484375 0.591836734375 0.69413793125 0.5786314531250001 0.6910344828125 0.32232893125 0.6893103453125 0.2995198078125 0.68758620625 0.32472989218750004 0.687931034375 0.386554621875 0.6848275859374999 0.4135654265625 0.6851724140625 0.5942376953124999 0.6834482765625001 0.6386554624999999 0.6851724140625 0.6428571421875 0.686206896875 0.6386554624999999
0 0.3306896546875 0.5450180078125 0.3382758625 0.4597839140625 0.34137931093749996 0.288115246875 0.339655171875 0.262304921875 0.337931034375 0.25570228125 0.3372413796875 0.30036014375 0.32793103437500004 0.4345738296875 0.32862068906249997 0.439975990625 0.3265517234375 0.45018007187500003 0.3227586203125 0.510804321875 0.32241379375 0.5414165671875 0.3248275859375 0.549819928125 0.32758620625 0.5522208890625 0.3306896546875 0.5450180078125
0 0.3182758625 0.5972388953125 0.319655171875 0.5486194484375 0.3213793109375 0.5408163265625 0.31448275937500003 0.535414165625 0.31034482812499997 0.55642256875 0.31034482812499997 0.5876350546875 0.3134482765625 0.6074429765625 0.3148275859375 0.6080432171875 0.3182758625 0.5972388953125