1 0.35758620625000004 0.2677070828125 0.3565517234375 0.27250900312500004 0.3586206890625 0.2827130859375 0.3272413796875 0.7635054015625 0.3210344828125 0.7719087640625 0.320344828125 0.7779111640624999 0.32758620625 0.7977190875 0.3451724140625 0.811524609375 0.39034482812500004 0.812725090625 0.4310344828125 0.8103241296875 0.43517241406249996 0.79051620625 0.4372413796875 0.7647058828125 0.4365517234375 0.747899159375 0.43517241406249996 0.7430972390624999 0.43137931093750004 0.74129651875 0.41206896562499995 0.57382953125 0.4048275859375 0.5300120046875 0.4051724140625 0.4987995203125 0.4017241375 0.478991596875 0.40310344843749996 0.447178871875 0.400344828125 0.41476590625 0.402068965625 0.403961584375 0.40068965468749995 0.34453781562499997 0.4017241375 0.294117646875 0.400344828125 0.291116446875 0.4013793109375 0.2863145265625 0.3989655171875 0.28571428593750003 0.39862068906250003 0.294117646875 0.3872413796875 0.2917166859375 0.3865517234375 0.28751500625 0.384482759375 0.220288115625 0.386206896875 0.2040816328125 0.386206896875 0.17527010781250002 0.384482759375 0.16326530625 0.38379310312500003 0.13625450156250002 0.3789655171875 0.1260504203125 0.3772413796875 0.11704681875 0.37758620625 0.0840336140625 0.3693103453125 0.074429771875 0.36896551718750004 0.064225690625 0.3686206890625 0.07382953125 0.3651724140625 0.0828331328125 0.364482759375 0.102040815625 0.360344828125 0.1122448984375 0.3565517234375 0.10924369687499999 0.35413793125000004 0.1152460984375 0.35413793125000004 0.2172869140625 0.3551724140625 0.23169267656249998 0.35724137968749997 0.234693878125 0.35758620625000004 0.2677070828125
1 0.56586206875 0.8091236500000001 0.57413793125 0.8151260499999999 0.5944827593750001 0.8091236500000001 0.606436896875 0.81212485 0.609655171875 0.8109243703125 0.6206896546875 0.7977190875 0.6282758625 0.7953181265625 0.6372413796874999 0.801320528125 0.639655171875 0.811524609375 0.6431034484375 0.815726290625 0.646206896875 0.8169267703124999 0.654482759375 0.81212485 0.6668965515624999 0.7785114046875 0.6668965515624999 0.758103240625 0.6693103453125 0.730492196875 0.6693103453125 0.7202881156250001 0.66758620625 0.7148859546875 0.6655172406250001 0.6944777906249999 0.669655171875 0.6188475390625 0.6634482765625 0.5768307328125 0.6631034484375 0.542617046875 0.6648275859375 0.5174069625 0.666206896875 0.513805521875 0.6651724140625 0.5060024015625 0.6613793109375 0.5018007203125 0.657931034375 0.5018007203125 0.65241379375 0.50720288125 0.647931034375 0.49699879999999996 0.6468965515625 0.484993996875 0.644482759375 0.48079231718750004 0.6424137937500001 0.48079231718750004 0.6393103453125 0.4873949578125 0.6358620687500001 0.4843937578125 0.6348275859375 0.4795918375 0.6168965515625 0.4705882359375 0.6110344828125001 0.4633853546875 0.6089655171875 0.47418967656250005 0.6048275859375 0.481992796875 0.603793103125 0.492196878125 0.600344828125 0.4975990390625 0.5993103453125 0.5084033609375 0.59241379375 0.5084033609375 0.590344828125 0.5024009609375 0.58413793125 0.4981992796875 0.579655171875 0.4981992796875 0.576206896875 0.4873949578125 0.5713793109374999 0.48799519843750006 0.5682758625 0.48559423749999997 0.563793103125 0.4975990390625 0.563793103125 0.5258103234375 0.5610344828125 0.53601440625 0.55758620625 0.7466986796875 0.55586206875 0.7545018 0.55586206875 0.7641056421875 0.56586206875 0.8091236500000001
1 0.5734482765625 0.48259303750000004 0.5748275859375 0.47839135625000007 0.5731034484374999 0.4699879953125 0.57413793125 0.4627851140625 0.5713793109374999 0.38055222031249997 0.572068965625 0.1686674671875 0.5700000000000001 0.1500600234375 0.5686206890625 0.1476590640625 0.566206896875 0.184273709375 0.5648275859375 0.43517407031250005 0.56586206875 0.4795918375 0.5686206890625 0.486194478125 0.5734482765625 0.48259303750000004
1 0.6082758625 0.47839135625000007 0.6110344828125001 0.48019207656249996 0.6165517234375 0.478991596875 0.6189655171874999 0.48259303750000004 0.6189655171874999 0.42917166875 0.6141379312499999 0.2677070828125 0.6141379312499999 0.1650660265625 0.6113793109375 0.1542617046875 0.6093103453125 0.23649459843749998 0.607931034375 0.247899159375 0.607931034375 0.3747497 0.60586206875 0.43517407031250005 0.6072413796875 0.44357743125000004 0.6082758625 0.47839135625000007
1 0.6506896546875 0.5066026406249999 0.6531034484375 0.49519807968749996 0.6510344828125 0.475990396875 0.6517241375 0.3757503 0.6489655171875001 0.30492196875 0.6489655171875001 0.195678271875 0.646206896875 0.162665065625 0.644482759375 0.19867947187499999 0.644482759375 0.43517407031250005 0.64586206875 0.4597839140625 0.6489655171875001 0.4693877546875 0.6506896546875 0.5066026406249999
1 0.7010344828124999 0.6572629046875 0.7027586203125 0.653061225 0.7051724140625 0.6230492203125 0.702068965625 0.5492196875 0.7006896546875 0.468187275 0.7010344828124999 0.233493396875 0.6972413796875 0.23829531875 0.6962068968749999 0.289915965625 0.6934482765625 0.5900360140625 0.69586206875 0.652460984375 0.6972413796875 0.6566626656250001 0.7010344828124999 0.6572629046875
1 0.499655171875 0.762304921875 0.507931034375 0.7791116453125 0.5134482765625 0.7821128453124999 0.5248275859375 0.7797118843749999 0.5368965515624999 0.7725090031249999 0.5382758625 0.7683073234375 0.5375862062500001 0.7515006 0.534482759375 0.7484994 0.532068965625 0.74129651875 0.52758620625 0.7172869140625 0.5265517234375 0.6608643453124999 0.5251724140625 0.6536614640625 0.52586206875 0.645258103125 0.524482759375 0.6428571421875 0.524482759375 0.632052821875 0.5255172406249999 0.630852340625 0.524482759375 0.61704681875 0.52586206875 0.61404561875 0.5234482765624999 0.6116446578125 0.5234482765624999 0.6074429765625 0.5217241375 0.6044417765625 0.5217241375 0.602040815625 0.5255172406249999 0.5996398562499999 0.5241379312500001 0.5978391359375 0.5251724140625 0.5912364953125 0.5172413796875001 0.593037215625 0.51586206875 0.5996398562499999 0.50241379375 0.5996398562499999 0.502068965625 0.57382953125 0.49862068906249996 0.549819928125 0.49862068906249996 0.5228091234375001 0.4968965515625 0.5048019203125 0.49620689687499997 0.375150059375 0.49379310312499997 0.3523409359375 0.49482758593750004 0.30192076874999996 0.4910344828125 0.2683073234375 0.49000000000000005 0.20948379374999998 0.487931034375 0.31512605 0.490344828125 0.386554621875 0.48931034531249995 0.46698679531250004 0.48758620625000004 0.47839135625000007 0.48758620625000004 0.5024009609375 0.479655171875 0.627851140625 0.48 0.6662665062500001 0.48758620625000004 0.7316926765625 0.4931034484375 0.755102040625 0.499655171875 0.762304921875
1 0.435517240625 0.684273709375 0.43931034531249996 0.687274909375 0.44448275937500004 0.6626650656249999 0.44448275937500004 0.653061225 0.43793103437500003 0.53601440625 0.435517240625 0.5168067234375 0.4310344828125 0.5258103234375 0.42827586249999994 0.5408163265625 0.4293103453125 0.5972388953125 0.42551724062499996 0.6434573828125 0.43034482812499997 0.6506602640625 0.435517240625 0.684273709375
1 0.470344828125 0.570228090625 0.47310344843749996 0.5612244890625 0.4727586203125 0.5306122453125 0.4748275859375 0.49399759843749996 0.47241379375000003 0.30612244843749997 0.4706896546875 0.2929171671875 0.4686206890625 0.298319328125 0.466206896875 0.315726290625 0.46586206875 0.48259303750000004 0.4634482765625 0.513805521875 0.46655172343749995 0.5654261703125 0.470344828125 0.570228090625
1 0.43448275937499997 0.41896758749999996 0.435517240625 0.4303721484375 0.43758620625000005 0.2713085234375 0.43689655156249996 0.21188475312500002 0.435517240625 0.2046818734375 0.43206896562499997 0.21608643437500002 0.4334482765625 0.2220888359375 0.4317241375 0.2713085234375 0.43448275937499997 0.3067226890625 0.43448275937499997 0.41896758749999996
1 0.3272413796875 0.698679471875 0.32931034531250003 0.7040816328124999 0.33413793125 0.7004801921875 0.337931034375 0.6788715484375001 0.3365517234375 0.6536614640625 0.3206896546875 0.5618247296875001 0.31862068906249996 0.55642256875 0.31034482812499997 0.5516206484375 0.30620689687499997 0.5756302515625 0.29758620625 0.6614645859375 0.29724137968750003 0.68367346875 0.2986206890625 0.68787515 0.3068965515625 0.68367346875 0.3272413796875 0.698679471875